658 ΙΝ DEX SCRIPTORVM

387, 38. 449, 8. 573, 31. 579, 17. 580. 13: Luc. Pharsul. Vl 324 475, 10

15. 581, 3. 591, 20. 593, 1. comici 18, 21. 398 426, 28
153, 17. 162, 16. 269, 18. lyrici 143, 30. ¹ 460 426, 30
213, 15. qraecus poeta 601, 14 584 469, 30
incerti scrip‘tores 295, 14. 571, 6. 580, 17. 623 464, 26
581, ὃς 7. 582, 21, 22. 590, 13. 591, 19, Vll 158 480, 27
21. 593, 7, 23. antiqui 146, 22. 175, 28. 217 564, 25
187, 6. 208, 18. neoterici 146, 21. 232, 35. 11111837 414, 25
in antiquis libris' saeris 172, 25.187. 9. ΙΧ,558 482,4
artigraphi vel artis sciptores 49, 28. 150, 624 423 3

34. 152, 35. 205, 7. 240, 3. 258, 33. 295, 720 421, 16

34. 507, 41. 516, 31. 517, 32. 522, 26. lucilius 40, 19. 289, 7. 310, 3*.345,19.
techn161638 28. latinarum artium aucto- 391, 1. 400, 8. 584, 24. 590, 9⁸. 618, 16.
res 620, 23. veterum iu arte tractatus 13, 650, 32

2 in antiquis artibus 141.12. in quibus· Lucretius 555, 3

dam artibus 183, 32. in artibus vulgaribus 1 84 389, 15

228,18. in antiquo tractatu 151,14.gram·186 109, 18
matici 201, 5. in artibus definitionum 137, 314 593, 9
33. qui scripserunt de argumentis 201, 7 ll 476 42, 29
qui scripserunt de regulis 148,1.iu ety- 1097 162, 32
mologiis 221, 7. de guris 300, 30. de 1122 650, 29
synzygiis 122, 13 lll 106 650, 33
Isidorus 319, 16. 582, 19 1010 297,2
Iuba 112,13.114,1 V598 484,7 ’

iuris peri’ti43, 13 46, 8. 427, 8
luvenalis sat. 1, 34 64,14

Macer, Aemilius 576, 5. 592, 20
131 476, 24

Maecenas 575, 1. 588, 21. 591, 28

143 426, 24 Martialis 1 21, 5 284, 32
¹ 2, 152 484, 30 Xlll 38 576, 1

3, 72 47, 10 Melissus 287, 11. 575, 8 ν
73 ¹ 192, 36
223 42⁶2 2? Naevius 187,11. 691, 12
27·· Ῑ ⁰² ²² Nepos, Cornelius 576, 12

5⁹ {27 ἐπ’ 25 Nigidius in commentariis grammaticalibus

6⁷ ‚23 632,.,660019637, 27

, 0· 321, 1

471 497, 22

Opilius, Aurelius 328, 8
Ovidius 576, 6. 592, 27
amor. l 14, 12 576, 8
ἀντ. am. Ι 249 473, 5
11653 473, 8,
rem. 236 576, 17
metam. 1 304 479, 1
ll 494 593, 18*
825 575, 16 os. add.

.' 8. 47 42. 22

10, 317 414, 20

14, 66 473, 9
luvencus 571, 8, 14. 577, 2, 31. 578, 1, 9,
20. 579, 15. 581, 4· 5. 582, 11. 583, 23,
24, 26, 28. 584, 17. 585, 25, 26. 588, 7,

8· 10, 2,4 28. '591, 17, 18. 592, 6, 7,
15. 593, 11

Lactantius 677, 14. 678, 26. 680, 233 29. ΙΙΙ55 484,4
681, 12. 683, 82 686, ’23, 698, 2’6 105 461, 12
T. Liv'ius 564, ’26. 672, ἰι. 676, 16. 691, 14. 234 480, 9
692, 19. ιε6’. 17 98,12 1V 102 41. 10
Lucan'us47, 1. 400, 2'3. 438, 6. 676, 6· V¹¹123⁷ 587, 1
plear-sai. 1161 51, 30 ΙΧ 548 38,22

ΧΙ 405 469, 14
xnl 106 483, 22
XV 596 469, 16

501 355,17

602 524, 33

¹¹ ἓ, ζὲῗ {³6 man. v 7, 49 672, 11
116 18⁶} 31. 429, 22 in lbide ἐῶ {g} ἐῢ
{gg ἓξ g fast. IV 151 480, 33
638 345, 22 . V 309 480, 1

111 44 60, 6
61 433, 18 Pacuvius 187, 11. 206, 28. 278, 21. 319, 32
469 428, 23 Palaemon 375, 8

1V 368 483, 24 Pansa 378, 24

