662 ΙΝ DEX SCRIPTORVM

Verg. yeorq. 1v 494 389, 22 Ver-g. Aen. Ι 203 647, 31

558 484,25 212 291,2ο.298,ϋ7.501,17
584 558,3 224 485,1
prooem. Aen. 202, 29. 298, 14 228 342, 31
Aen.11 74,11. 118, 5. 121, 247 8585 1
. 34. 133, 25. 282, 3. 258 359, 21
548.13 287 35,10
2 34,8 85,5.285,22. 288 35,11
297, 17. 301, 3. 324, 295 24, 33
7. 389, 1. 400, 17. 310 589,1
582,18 321 251.27
3 390, 9. 550, 18 338 888, 23
5 390,7 · 343 158,18
13 309,20,390,8.585,11 379 355,18
18 208,8.299,23.301,30 399 3ο7,38
24 273,19 400 441.4
28 388,18 432 584,11
30 43.28.284,7.324,4. 434 585,13
388,2.400,5 437 584,12
32 583,18 441 583,1
38 25,2 458 29,17
40 324,11 481 208,4
41 389,10 478 438,27
45 589,27 480 438,28.807.3
48 289,13,548,17 488 15,2.507,38 ,
48 521,9 489 29,31
80 308,33.324,22 498 389,8
84 25,12 499 389,8
85 399,10 573 291,21
87 579, 24 584 108, 22; 34
73 389,5.488,17 589 580,25
87 472,11 809 580,9
88 573,9 832 489,5 0
92 583,21 · 837 577,28
93 148,18 843 309,21
94 100,21 858 519,24
95 78,22 508,2.523,8. 884 302,35
585,35; 881 77,19
98 158.13 702 309,14.583,19
104 589,19 724 307,3
108 310,10.385,22 728 583,18
110 577,21 750 28,4.277,25
114 308,3 753 498,1
118 388.18 111 832,4
119 108,1.558,30.558,28 2 592,13
123 581,10 4 519,19
125 580,18 10 824,38.848,3
143 584,20 18 120,3
148 345,17 19 294,3ο
148 88,22 25 324,8.388,5
149 40,22.593,13 27 371,18
182 589,28 28 88.8
184 573,18 38 288,12
188 579,2 37 74,24
174 471,19 49 521,7
178 275,23 82 574,21
178 578,19 58 548,28
179 309.11 71 77,29
182 572,28 98 345,18
184 204,25 · 99 40,23
188 51,1 110 20,21
191 584,18 148 850,22
193 293,18 184 352,25

194 59, 14. 233, 33 204 5⁷2, 1

