leEx SCRIPTORVM

185858557117.580,80.581,17,84.588,

12. 584, 14. 585, 20. 589, 18. 594, 7

Persius sat. 1, 34 480, 30
58 483. 6

2, 30 348, 22

3, 9 471, 27

11 324, 28

19 479, 12

5, 68 136, 6

6, 5 163, 2

24 161, 24

70 421, 30

Petronius 167, 11. 578, 23

Plautus 59, 22. 74, 13. 153, 16. 240, 24.
307, 10. 326, 28. 421, 22. 436, 16

Amphitr. prol. 117 197.15
in Bacchidibus v. 19 48, 25. 199, 17
captiv. l 1, 12 648, 14
IV 2, 6 587, 12
Oasin. l 54 58, 22
Menaeclzm. prol. 63

Mero. V 4, 4
mostell. 1 1, 44

111 2, 80

Poen. Ι 2, 154

in Pseudulo l 2, 45
3, 39

. 5, 38

in Rudente 1 4, 31 652, 1

878, 88

58, 88
598, 8

188, 84. 855, 88
578, 8

40, 8

848, 18

880, 88

Plinius Secundus 45, 13. 49, 27. 50, 8. 144,
15. 164, 13. 172, 13. 193, 36. 201, 5. 227,
23. 233, 35. 283, 18. 292, 13. in libris du·

bii sermonis 185, 18. 560, 30
Polio, Asinius 574, 6. 592, 4
Pompeius 317, 13. 319, 23. 326, 20
Pomponius 40. 11. 574, 25
Porcina 590, 3
Porphirins 328, 12, 17, 20
Priscianus 456, 31
Probus 10, 6. 20, 19. 165, 17. 182, 31. 259,
37. 325, 25. 326, 21. 366, 19, 27*
cathol. p. 17 45,18 138, 5. 187, 5
. 39 241, 1
instit. p. 51 138, 18
52 164, 33
53 169, 12. 178, 14
61 152, 34
73 156, 1
82 173, 31. 188, 38
319, 22
269, 10 ·
,147 76, 11.280, 12
180 225, 23
Propertius ll 3, 24 626, 16. 651, 28
33, 37 590, 24
11113,35 588, 5
lV 10, 44 592, 5
11, 15 576, 22

144

Prudentius 572, 5. 573, 24, 26. 574, 16, 18.
575, 22. 577. 12, 16, 19. 578, 15, 17, 21.
579, 23, 29. 580, 1, 14. 581, 1,8, 15,
20, 22, 26, 32. 582,1, 5, 9, 17, 25.

50, 14. 800, 18. 811, 87.

659

583, 6, 8, 10. 584, 1, 3, 28. 585, 30.
586, 5, 12. 587, 3⁸. 588, 9, 12, 16. 589,
ἓόἔ.1595(), 2. 591, 5, 22. 593, 4, 22, 24.

Quintilianus in controversia 186, 32 “
Rabirius 578, 7, 13. 590, 19

Sabinus 20, 19

Sacerdos 190, 24

Sallustius 22,12. 38.32. 59,11. 76,23.
155, 26. 163, 5.168,18.180,5.196,20.
253, 26. 293, *22. 294, 14. 342, 30. 412.
29. 436, 5 496, 20. 555, 9. 561, 2. 593,
15. 626, 22. 652, 3. iu primo historiarum
libro 483, 8. historiarum libro 11488, 22.
in historiis 158, 23. 273, 11

eam. 8 74,17
5 78,’ 18
85 477, 80
88 78, 14. 78, 18. 878, 88.
555, 8
51 78, 14
64, 4. 851, 7. 519, 11

luqurth. 1
. 6 624, 24. 645, 32
81 48, 85. 187, 1. 178, 81
43 59, 13. 233, 32
106 72, 7
. 114 208, 6
Scaevola 575, 24
scholastici 158, 35
Sedulius 579, 20
Severus,- Cornelius 588, 2, 26. 590, 1; 21
Severus, Sulpicius 577, 8, 18. 580, 21. 582,
3. 583 30. 585, 3, 28

Sextius (2²) 305,11
Sidonius Apollinaris 576,15. 577, 4, 6. 581,
28. 582, 7· 24. 583, 12. 584, 30. 589, 14
Sinnius Capito 110,1
Statius 228, 36. 232, 36. 260, 15
ΑοΙιίΙΙ. l 131 465, 2
11224 475,13
342 483, 28·
Theb. 1 245 482, 28
268 473, 12
338 167, 22
ll 389 483, 21
495 173, 14. 188, 14
lll 151 464, 28
301 482, 30
424 478. 23
532 464, 31
l V 202 482, 7
592 59, 15
Vll 130 479, 27
805, 18
478, 26
X 594 178, 8
Xl 361 483, 4
389 483, 2
stoici 34, 23. 135, 26. 611, 36
Symmachus 584, 5. 588, 25
Symposius 577, 1*

l X 142
901

