INDEX SCRWTORVM 665

Verg.Aen.V111677 297, ι’9. 324, 14.'399, Verg. Aen. xl 236 649, 21

15. 464, 24 234 577, 7
698 556, 27 262 76, 19. 273, 31. 389,
ΙΧ 1 390, 5. 401, 17 24. 548, 20
26 297,,32. 389, 15. 555. 5 264 389, 26
38 580, 16 285 617, 15. 638, 16
114 74, 26 309 29, 26. 108, 26. 109,
137 399, 28 15. 117, 25. 399, 20
138 29. 18 ⁷ 368 305, 31
231 388, 7 371 647, 10
383 575, 12 374 63, 3
427 303, 10 423 582, 15
, 460 308, 21 “’ 438 57, 29
513 523, 16 459 495, 39
514 277, 7 464 44, 15
580 500, 28 477 76, 20
593 35, 6. 140, 35 540 349, 19
609 29, 22. 295, 4 648 399,1 26
610 110, 24. 117, 16. 399, 20 657 307, 28
619 40, 27 686 292, 7
624 29, 10 714 574, 8
627 573. 21 785 346. 11
641 173, 14. 188, 13 822 508, 16. 541, 31
674 30. 14 . 824 650, 27
699 523, 7. 571, 4 855 66, 20
709. 40. 21 857 389, 7
809 308. 11 890 30, 14. 120, 3
X 17 119, 20 ΧΙΙ 23 390, 3. 402, 28
94 67, 8 36 464, 19
101 , 59, 27 · 41 483, 18
108 365, 22 59 77, 1
116 40. 3 119 308, 5
149 301, 23 · 159 504, 2
170 244, 12 , 176 641, 27
180 302, 30 ’ 192 360, 2
273 246, 27 264 482, 20
303 573, 5 280 472, 27
383 626, 25. 651, 25 329 521, 26.
394 118, 20. 299, 14. 341, 3 348 140, 32
453 383, 33 359 312, 3
457 573, 7 525 59, 17
493 29, 23. 110, 24. 117, 19 566 641, 28
518 469, 23. 486, 6 587 586, 3
540 477. 21 596 482, 26
668 132, 24. 400, 6 673 472, 26
727 484, 25 770 40, 6. 345, 30. 346, 33
762 548, 25 802 500, 28
778 402, 7 827 347, 5
832 574, 3 887 573, 18
X! 7 28, 14. 30, 3. 111, 3 905 30, 14. 120, 3. 121, 36
12 309, 24 919 573, 18 ο
79 481, 19 Verrius Flaccus 297, 34
183 308, 22 Volumnius 574, 1

summarum ιΑτιΝι v, 43

