mnssx scmvTonvM 661

Verg. bucol. 2, 22 348, 20 verg. qeorq. 1480 177. 33

23 232,33 482 30.13.121,35
54 429,26 114.7’ 618,17
65 119,10.399,11 12 500,2
3,1 51,5.53,4.210,24 26 347,3
20 573,2 31 589,22
25 218,23 79 519,35
69 586,20 193 578,4
77 643,35 214 591926
3.79 119.7 242 477,14
83 506,15 250 649,12.650.26
89 177,32 558,7 579,10 299 29,20
90 312,8 314 585.22
94 66,24 ·384 61,20.383,33.593,2
4.57 389.23.423,12 447 574,14
5,5 523,10 449 41.1
37 581,30 , 456 60,16
78 580.9 486 399,12
6,44 119,8 519 572,12
47 100,20 536 30395
54 461,13 542 310,25
62 291,15 11117 585,9
7,1 67,17 35 63,8
5 624,39.646,7 ³ 53 78,14
37 36,10.147.3 . 75 522,39
8,41 251,22.519,17 , 93 278,8
43 232,35.403,22.638,14 135 308,25
47 107,7 156 517,18
55 389,23 . 166 500,27
71 218,21 167 519,35
87 69,10 212 475,5
9‚11 548,27 . 215 649,11
39 67,27.518,8 223 239,7.449,22
10,1 403.12 · 230 500,25
1 12 29,29 · 243 399,14
9Μ333 333
78 586.25 286 66,28
106 66,20 70,6 299 572,19
108 591,25 311 584,6
131 558,6 325 136,3.255,35
132 579,10 366 590,15
138 404,2 374 472,7
150 576,14 376 195,11
154 581,30 381 309,32.390,36
166 592,22 , 402 585,1
183 592,1 449 589,23
185 59,16.233,8 450 587,14
208 555,8 481 352.17
210 177,33 506,26 579,8 495 587,18
⁴ 232 401.16 498 400.18
233 573,17 499 519,12
261 471,23 550 146,22
264 592,25 1ν·59 232,24.3ο6,4
315 579,7 139 472,28
397 12ο,43 321,31 167 585,13
400 590,7 181 233,16
419 482,17 .185 65,30
434 51.1.2ο4,4 193 481,5
442 275,28.498,26 291 472,33
445 268,29.292,5 300 584,22
447 308.21 313 439,7
457 36,17 377 583,19

460 521,11 “ 477 585,16

