660

Terentianus 242, 33
υ. 116 102, 9

ΙΝ DEX SCRIPTORVM

459 29, 14. 115, 15
1103 29, 26. 117, 23. 399, 22

1160 119, 26
1192 118, 15
1317 111, 21

2226 121, 10. 321, 28

Terentius 68, 35. 206, 21. 229, 7. 242, 34.
245, 3. 436, 10. 541, 38. 544, 27. 641, 26

Adelph. ι 2, 37 233, ιο

111‚31

479,7
388.11
47.9
64‚24
469‚32
34,1
67.12
163.13
136,ss
67‚10
302‚6
⁶99, 8. 631, 14
302,11

. 397, 2 .

69‚33.519‚33
517.9
39.21.565,23
509‚31
303,14
565,22

555‚7
365‚17;
509‚35
233,11
212‚35
366‚16
468‚24
231.37.240,18
68.24

565,25

475,8

483,27
293,16
45,28.173,11.
188‚11

39.21

302.14
302,22
39‚20.162‚10
57, 28

650.23
76‚21.565,22
451,1

646,20

59‚24

49⁷,41

51,5

470,27

241.8

348,27
565‚24

307,7

59,10

. Ter. Eemucle. prol. lv 4, 10 50, 28

V 5, 3 450, 29
heauton timor-‚proh 19 637, 32
11 2, 10 250, 32
3. 46 555, 7
Ν 4, 18 471, 17
’ 6, 18 618, 17
Ilecyr. 1 1, 8 52, 11. 207, 28
2, 104 58, 16
114 624, 37. 646, 4
1115, 45 18. 33. 57, 7.
225, 27
V 3, 31 59, 12
Phor-m. prol. 28 373, 1. 380, 27
1 1, 1 187, 29
2, 15 371, 21
27 591, 10
51 388, 19
4,13 482, 24
ΙΙΙ 1 13 483, 19
lV 3,18 72, 12
30 61, 34
2 V 2, 3 311, 35
8, 4 471, 6
25 480. 21
Tibullus ΙΙ 1, 7 587, 17*
38 580, 3
Trogus 593, 21

Valentinus 577, 1

Valerius 325, 25

Valgius 586, 4

Varro, M. Terentius 10, 6. 41, 27. 48, 23.
49, 23. 159, 23. 164, 13. 199, 13. 202. 3.
324, 31. 326, 25. 351, 9. 357, 23. 547, 9.
572,18; 21. 574, 9 575, 10. 576, 13. 586,
17; 24. 587, 1; 10; 14; 17. 588, 1; 4.
590, 9; 16. 591, 26. 592, ⁹5⁸. 593, 18. 629,
18. 654, 21. in actionibus scenicis 590, 4.
ad Attium 98, 23. 108, 10. ad Ciceronem
3,18 32. 584, 27. ad Neronem 590, 26. in
libris numerorum 517, 31. quaestionum
epistolicarum 588, 19. in satira 572, 15.
Menippeus in Catamitu 468, 2. in ScaevoBa
625, 1. 646, 6

Varro Atacinus 305, 18. 349, 11*

Vergilius 46. 18. 48, 25. 199, 18. 291, 8.
326, 29. 348, 12. 370. 16. 506, 25. 544,
27. 573, 31. 577, 10. 580, 3. 582, 4. 587,
3. 590, 23. 591, 18

bucol. 1, 9 572, 27
12 372, 35
14 524,13
15 420, 31
26 521,6
30 24, 32. 75, 19. 270, 26.
279, 27
33 359, 22. 556, 1
34 576. 10
46 369, 2
54 590, 11
60 555, 19
69 35921
70 306, 29. 324, 24

