664

Verg. Aen. V 2
. 17
37
68
84
144
214
261
265
279
308
314
328
337
426
451
481
588
638
663
679
806
807
814
830
855
866

45

103
114
122

179

203
219
248
304
333
393
421
427
485
492
502
542
581
620
653
677
680
684
724
743
747
773
776
792
793
795
802
803
836

INDEX sch'ronM

401, 17 Verg. Aen. Vl 838
305,23.587,15 847
147.27 901
593,17 - 'v11 1
581.14 15
572,1 84
67.18 96
586,3 97
119,5 116
478,8 131
485,15 133
399.18 147
641,26 161
653,20 162
399,5 178
508,21 186
12,6.183,34 , 188
25.13 263
519,15 273
373.15 283
74,15.27Ο,13.279,31 289
402,30 293
45.16.185,21 345
523,3 355
106.22;34 359
632.5 378
508,27 399
303.31

561,17 417
646,22 464
390,31 466
76,27 484
365.22 490
106,20.115,16.646, 493
21 568
24‚33„523,13 608
521,16 616
575.20 640
155,15.342,34 682
642,1 742
583,3 787
579,27 xnllll
582.15 77
66,17 83
66,23 86
268,30 91
67,27.518,7 115
523,5 154
388,13 155
562,4 159
132,8.272,21 233
115,19 ι 268
559,23 316
34,4.304.19 343
519,34 344
555,4 366
397,20 368
35,24 447
203,26 483
15,11 560
523,11 561
400,25 630
298.6 646
565,23 674

341.3

471,21

301,7

398, 28. 565. 16
472,4

477,8
67,16.641,37
641.38

251,25

66,8

307,5

307,3

183,34

521,19

389,3

574.25
196,19.500,16
203.22

59,15

31,26

70.2 -
40,4.345,29.347,1
401,5;19
537,35

548,23

66.22

·65‚ 13. 135, 38. ⁶245,

30.290‚19
370.4
389,14

594,3

384,8

562,3
575.18.
40‚24

589,21

469‚6
370‚4.645,31
346,ss

576‚9

157‚12
355‚19
12‚1;429‚18
33‚32.130‚34.132,12
403‚19
467,24
355,17

69,8

40¹,33
449,1o
48s15.160,20.591,4
548, 22
565‚36
500‚36

426‚9

523‚14
593‚17

40,21

300,7

399‚8

346‚9

388‚4

284‚31
571,10

