‘lwnssx scawwnvn 657

in Miloniana 2, 5 306, 7
, 20, 53 186. 2
pro Deiotaro 7, 20 263, 1
in Philippicis 11 27, 67 586,, 7
30, 75 22, 13. 253, 27
ΧΙΙΙ 19 154, 11

in secundo de finibus bonorum et malorum Horatius carm. l 2, 7

» Il 13. 39 648, 5

Tuae. disp. Il 15, 36 575, 3

de nat. deor. 111 10, 25 575, 5
32, 81 517, 30

in primo de re public-a 1 13 620, 9.644, 11

somn. Scip.3‚ 16 586,1
de legibus tertio 620, 8. 644, 9
epistulae 154, 14. ad Pansam 572,17
Cincius 349, 1'1*
Cinns (ἲ) 349,11
Claudianus 589, 3
codicilli 13, 31 ,
Coelius in primo 651 33
Cornelius υ. Nepos et Severus
Cornificius Gallus 43, 2
Cotta 587, 17 ²
Cyprianus 586, 14

Donatus nontinatim appellatus 9, 3;8. 12, 34.
20, 19. 34, 19. 50, 18. 55, 2. 62, 32. 96,
14. 98, 6. 99, 26. 105, 19. 117, 29. 118,
18. 134, 7. 138, 16. 14⁹0, 3. 149, 24. 151,
6. 156, 1. 157, 20. 164, 18. 186, 34. 188,
29. 196, 4. 199, 32. 200, 11. 206, 7. 217,
20. 224, 30. 231, 15. 232, 17. 234, 22.
240, 3. 243, 21. 270, 35. 274, 33. 278, 25.
279, 18; 28. 280, 15. 281, 20. 288, 6.
289. 6. 317, 4; 16. 319, 21. 320, 19; 25:
, 34. 323, 21. 325, 2. 326, 7. 327, 3; 14; 24.
⁶ Draco 610, 39

Dynamius 579, 13

Ennius 206, 28. 58,4 26. in annalibus 287,
29. 291, 17, 25. 297. 30. 303. 21, 33.
304, 4. 310, 3'3 4. 400, 9. 555, 3. 626,
21. 651, 35. in X annalium 645, 9 in lra-

9oedia 574, 24

Fabianus 590, 17

Fabius 328, 17

Fortunatus 588, 14, 589, 30. 593, 5
Fronto 349, 15

Frontonius 580, 27

Gracchus 577, 30

Hieronymus 320, 4
Homerus 587, 11
11. A 105 600, 26
449 600, 27
659 637, 25
Β 264 628,13
Δ 125 628, 26. 633, 37. 653, 32
Ε 124 624, 23
Ν 41 637, 26
60 628, 14
1 1221 600, 10

Hom. od. I 394 628, 26. 633, 37. 653, 32

Κ238. 319 628,16
N269 θοι, 15
:5:332 624, 12

P 525 600, 10
Φ 12. 60 601, 13
449. 11
4,1 415, 25
4. 4 468, 20
5,13 469, 9
9,1 346, 12
9, 5 275, 33
18, 15 156, 35
34, 3 481,. 11
ll 3, 6 572, 23
3, 18 484, 26
7, 3 42, 21. 176, 33
111 1, 17 275. 30
5, 10 43, 9. 168, 21.
196, 15 ’
8, 14 107, 22
11, 51 555, 18
23. 3 242, 7
25, 2 40, 25
27, 25 484, 9
27, 29 66, 10
29, 37 40, 8
lV 4, 34 481, 33
6, 43 555, 18
11, 24 42, 23
epod. 2, 9 483, 29
4, 4 42, 23
5, 1 74, 8
6. 10 461, 8
12, 11 467, 21
17, 18 · 166. 28. 176; 9
17, 48 42, 19
17, 50 293, 28
satir. 12, 34 477, 19
45 454, 4
3, 66 480, 19
5, 24 484, 28
6, 125 485, 2
8, 17 400, 23
46 471, 13
9, 76 484, 19
10, 3 348, 26
71 467, 29
72 109, 16
ΙΙ 2, 10 470, 22
4, 33 578, 11
7, 35 481, 10
epist. Ι 12, 9 461, 14
18, 40 476, 8
79 78, 5. 280, 30
11 1, 33 477, 31
126 481, 36
2, 159 480, 7
de art. poet. 56 512, 17
60 326, 4
⁷ 298 162, 31

Incerti poetae 118, 30. 237, 14; 16. 280,

20. 291, 27; 29. 294, 8. 296, 7. 310, 3; 4.

