INDEX scnw'ronvm 663

Verg. Aen. 11 229 324, 29 νει-ς. Aen. ΙΙΙ 561 472, 1
262 304. 25 573 592. 11
263 73, 20. 74, 12. 128, 27 588 29, 32
· 282 519, 21 . 596 67, 9. 403, 35
325 401, 20 ⁴ 602 401, 14. 617, 14
348 118. 3 ' 615 66, 19
401 275, 26 617 117, 4
403 607, 3 619 307. 25
424 561, 16 621 19. 35. 649, 16
431 576, 21 647 117, 1
435 521, 13 649 574, 15
445 47, 9 702 254, 21. 399, 17
457 403, 8; 24 715 67, 29. 518, 11
463 400, 18 717 271, 27
492 467, 27. 653, 20 lV 2 593, 28
503 592, 9 12 579, 22
506 66, 28 ⁸ 19 509, 12
561 500, 27. 519, 16 , 20 579, 4
601 66. 15 22 30, 1. 119, 15. 208, 9.
661 247, 34 399. 24
664 30, 1. 119, 14. 399, 23 27 403, 32
671 651, 24 . 50 64, 6
684 76, 26. 468, 7 52 299, 7. 389, 8. 400, 17
750 371, 19. 380, 19 62 521, 24 ›
774 285, 30. 297, 26 93 310, 34
111 12 387, 34 115 66, 31
20 556, 24 116 271, 27
22 52, 29 , θ 117 648, 33
29 45, 9. 186, 9 130 415, 12
36 473, 1 177 522, 38
38 59, 12 181 72, 8
48 285, 30. 297, 26 205 519, 13
57 585, 18 - 213 389, 1
63 481, 17 224 65, 2. 253, 29
73 500, 26 248 305, 27
87 43, 28 302 389, 28
88 523, 36 304 573, 14
104 ·255, 2 314 403, 26
116 617, 14. 638, 15 327 24, 19. 266, 16
122 389, 25 341 45, 10
134 624, 32. 645, 38 359 294, 5
144 500, 26 370 238, 13
145 40, 3 ‘ 381 100, 22
162 65, 1. 254, 15 383 35, 19
182 303, 30 387 18, 32. 57, 8. 225, 26
203 558, 18 398 483, 16
211 29, 30. 116, 16. 118, 32. 401 470, 24
307, 26. 399, 9 419 293, 10
229 589, 1 425 617, 15. 638, 16
270 28, 14. 30, 3. 111, 5. 462 572, 28
119. 22. 399, 25 x 493 645. 31
282 647, 28 517 477. 24
354 297, 33. 555, 4 = 520 503, 38ἱ
359 300, 21 537 74, 17
361 399, 12 563 352, 26
393 66, 7 569 66. 19
399 518, 9 585 308, 21
428 558, 27 586 401, 14
431 66, 12 593 264, 25. 304, 29
464 118, 24 , 597 67, 8
475 401, 5 605 39, 29
515 591, 16 628 304, 13
517 389, 10 661 291, 4

639 502,10 v1 401,5;20

